26
691.092935 0.010679
1845.883648 0.054312
1964.118962 0.093464
1994.864034 1.098802
1996.993004 11.344181
1999.880102 26.555790
1999.929524 430.658290
1999.861074 1375.122408
1999.378528 1824.327594
1999.000553 1943.529480
1998.125189 1991.068525
1972.754388 1995.970366
1873.896026 1999.800100
1766.838172 1999.987080
635.298964 1999.760565
228.893080 1999.218641
110.023643 1998.720142
22.446688 1997.601391
7.009941 1990.046111
3.140263 1970.034833
0.685883 1788.959156
0.121372 1531.265925
0.103590 1285.174576
0.149490 423.818653
0.559161 0.184262
74.053942 0.155343
