27
159.305340 0.086198
1518.849194 0.586651
1808.759548 1.069109
1878.525856 1.743570
1996.416515 11.525361
1999.590081 97.038326
1999.859011 1956.035345
1997.589970 1984.861573
1987.279344 1991.552952
1965.604240 1998.792255
1943.890476 1999.217990
1847.129198 1999.988849
61.498751 1999.516361
35.119004 1995.151297
4.005858 1977.966836
2.712144 1908.374226
2.040524 1853.103384
0.495861 1594.060371
0.232656 1416.428992
0.266494 786.855293
0.578238 136.588019
0.734852 35.433767
2.637811 11.335598
8.996637 9.170872
40.571019 5.094611
84.945358 2.118966
103.558990 1.377058
